0,558
0,557
0,556
0,555
142,3
142,2
142,1
142,0
0,278
141,4
141,3
141,2
0,9
141,1
141,0
0,386
0,243
0,554
0,472
140,52
140,51
140,50
140,49
140,48
140,47
140,46
140,45
140,44
140,43
140,42
140,41
140,40
140,39
140,38
140,37
140,36
140,35
3,2
3,1
3,3
10,248
10,120
10,124
10,284
10,168
10,300
8,18
8,5
139,3
139,1
133,4
133,3
133,2
133,1
133,0
131,3
131,2
131,1
131,0
114,3
114,2
114,1
114,0
90,3
90,2
90,1
90,0
77,3
77,2
77,1
73,3
73,2
73,1
21,3
21,2
21,1
21,0
20,3
20,2
20,1
19,2
19,3
19,1
12,3
12,2
12,1
11,29
11,28
11,27
11,26
11,25
11,24
11,23
11,22
11,21
11,20
11,19
11,18
11,17
11,16
11,15
11,14
11,13
11,12
11,11
11,10
11,9
11,8
11,7
11,6
11,5
11,4
11,3
11,2
11,1
10,313
10,309
10,307
10,305
10,304
10,303
10,302
10,290
10,244
